KeyQuantV_DoF@QuantV_DoF.fx=192,0,1,0
Techniques=QuantV@QuantV.fx,Per_Weather_LUT@QuantV_LUT.fx,QuantV_DoF@QuantV_DoF.fx

[QuantV.fx]
Blood_Puddle=0
Blood_Remove=0
Brighter_Nights=1
ColorMoodIntensity_day=0.000000
ColorMoodIntensity_night=0.000000
ColorMood_day=0.705000,0.635000,0.550000
ColorMood_night=0.705000,0.635000,0.550000
Corona_Light_Rays_V3=0
Corona_Light_Thin_Rays=0
desatB_d=0.000000
desatB_n=0.000000
desatG_d=0.000000
desatG_n=0.000000
desatR_d=0.000000
desatR_n=0.000000
Disable_Anamorphic_Lens=0
Disable_Chromatic_Aberration_n_Distortion=0
Disable_Corona_Light_Everywhere=0
Disable_Corona_Light_from_Vehicles=0
Disable_Motion_Blur=0
Disable_Volume_Lights=0
Disable_Weapon_Reticle=0
Dusty_Wind=0
Enable_Motion_Blur_while_driving_in_FPV=0
Fire_Exhaust=3
GPLens=0
iBlack=0.031400,0.035300,0.039200
iWhite=0.956800,0.935300,0.913700
oBlack=0.000000,0.000000,0.000000
oWhite=1.000000,1.000000,1.000000
ParticleFX=1
Puddles_Covering_Full_Ground=0
qBright_d=1.000000
qBright_n=1.000000
qContrast_d=0.000000
qContrast_n=0.000000
qGamma_d=1.000000
qGamma_n=1.000000
qSaturation_d=1.000000
qSaturation_n=1.000000
QuantV_1=0.000000,0.584723,0.000000,0.000000
QuantV_2=0.000000,0.000000,0.000000,0.000000
QuantV_3=0.000000,0.000000,0.000000,0.000000
Screen_Frozen_Snow=0
Screen_Frozen_Snow_ForceEnable=0
Screen_Raindrops_Classic=0
Screen_Raindrops_NFS=0
Screen_Raindrops_Racing=1
Server_Overbloom_Fix=0
Skip_HUD=1
Smooth_Night_Shadows=1
Snow=2
Starfield_Galaxy=1
Tinti_d=0.000000
Tinti_n=0.000000
Tint_d=0.370000,0.390000,0.460000
Tint_n=0.370000,0.390000,0.460000
UseLevels=0
Vegetation=1
Vehicle_Burnout=1
Vehicle_Burnout_Density=0
Vehicle_Carbon=1
Vehicle_DRL_Indicator=0
Vehicle_Emergency_Lights=0
Vehicle_Glass_Refraction=1
Vehicle_Indicator_Animation=0
Vehicle_Paint=0
Vehicle_Raindrops=1
Vehicle_Rain_Reflection=0
Vehicle_Wheel_Chrome_Color=0
Volumetric_Clouds=1
waasdf=486229911
wasdf=0.000000
Wet_Roads=2

[QuantV_DoF.fx]
anam=1.000000
BlurringAmount=0.500000
BokehBias=0.600000
BokehBiasCurve=0.500000
bright=2.000000
cascale=1.250000
cat=2
df=1
far=0.477000
fard=1.000000
FrameScaling=0.900000
mf1=0
mf2=1
mfp=0.480000,0.582000
neard=0.500000
nears=0.724000
Noise=170.000000
poly=8
QuantV_1=0.000000,0.000000,0.000000,0.000000
QuantV_2=1240.000000,681.000000,0.000000,0.000000
QuantV_3=0.000000,0.000000,0.000000,0.000000
rca=0.002000
rot=0.170000
SensorSize=24.000000
sep=0
sfpv=0
sz=3
ts=2.400000
use_dfocus=0
vig=1.000000
waasdf=486229911
wasdf=0.000000

[QuantV_LUT.fx]
LUT_Blizzard_Day=1.000000
LUT_Blizzard_Night=1.000000
LUT_Blizzard_Sunset=1.000000
LUT_Clearing_Day=1.000000
LUT_Clearing_Night=1.000000
LUT_Clearing_Sunset=1.000000
LUT_Clear_Day=1.000000
LUT_Clear_Night=1.000000
LUT_Clear_Sunset=1.000000
LUT_Clouds_Day=1.000000
LUT_Clouds_Night=1.000000
LUT_Clouds_Sunset=1.000000
LUT_Extrasunny_Day=1.000000
LUT_Extrasunny_Night=1.000000
LUT_Extrasunny_Sunset=1.000000
LUT_Foggy_Day=1.000000
LUT_Foggy_Night=1.000000
LUT_Foggy_Sunset=1.000000
LUT_GLOBAL=1.000000
LUT_Halloween_Day=1.000000
LUT_Halloween_Night=1.000000
LUT_Halloween_Sunset=1.000000
LUT_Neutral_Day=1.000000
LUT_Neutral_Night=1.000000
LUT_Neutral_Sunset=1.000000
LUT_Overcast_Day=1.000000
LUT_Overcast_Night=1.000000
LUT_Overcast_Sunset=1.000000
LUT_Rain_Day=1.000000
LUT_Rain_Night=1.000000
LUT_Rain_Sunset=1.000000
LUT_Smog_Day=1.000000
LUT_Smog_Night=1.000000
LUT_Smog_Sunset=1.000000
LUT_Snowlight_Day=1.000000
LUT_Snowlight_Night=1.000000
LUT_Snowlight_Sunset=1.000000
LUT_Snow_Day=1.000000
LUT_Snow_Night=1.000000
LUT_Snow_Sunset=1.000000
LUT_Thunder_Day=1.000000
LUT_Thunder_Night=1.000000
LUT_Thunder_Sunset=1.000000
LUT_Xmas_Day=1.000000
LUT_Xmas_Night=1.000000
LUT_Xmas_Sunset=1.000000

